12
   0   64   86   92   61   80   81   52   24   97   90   78 
  98    0   81   53   29   40   15   47   99   44   17   53 
  15   61    0   87   68   83   36   59   91   15   52   16 
  15   47   52    0   56   50   60   35   51   30   43   19 
  84   23   73   19    0   51   84   22   66   77   91   25 
  52   88   25   62   25    0   49   91   31   17   62   34 
  86   91   15   60   32   37    0   46   22   25   51   27 
  93   68   93   47   21   23   12    0   85   66   57   20 
  97   92   78   12   58   46   74   88    0   67   98   21 
  58   72   95   36   89   50   17   12   70    0   13   89 
  61   58   40   48   38   41   76   56   95   93    0   36 
  45   71   58   42   81   18   25   78   94   17   51    0 
